clade_name	t0_1	t0_2	t0_3	t1_1	t1_2	t1_3	t2_1	t2_2	t2_3	t3_1	t3_2	t3_3	t4_1	t4_2	t4_3	t5_1	t5_2	t5_3	t6_1	t6_2	t6_3
s__Nocardioides_iriomotensis	22.59559	23.1482	24.91844	1.0466	1.29001	1.22984	2.19011	1.71964	1.94772	1.46423	1.89845	2.02598	1.87898	2.18042	1.75093	1.70158	2.378	1.39756	7.8382	7.6348	6.351
s__Nitrososphaerales_archaeon_TH5888	18.74664	14.33405	16.7513	0.45627	1.07428	0.56966	2.80836	1.09395	0.84261	1.17516	3.33968	1.50477	3.44134	5.69339	2.57694	2.76135	6.84314	1.42851	41.10452	41.71041	43.13874
s__GGB63470_SGB85778	7.83231	6.76656	6.46455	0.06196	0.31399	0.13668	0.05084	0.1138	0.09171	0.01183	0.03924	0.035	0.0	0.07871	0.00565	0.01789	0.0337	0.11525	1.46385	2.05852	1.54786
s__Methylocystis_sp_B8	6.41731	5.74066	8.57896	0.25368	0.69543	0.41032	0.54818	0.57816	0.18999	0.48261	0.4257	0.3622	0.26943	0.34858	0.18609	0.24201	0.53416	0.19178	1.75581	1.09656	1.76214
s__Priestia_megaterium	6.26471	6.15323	6.5715	0.35366	0.59042	0.51731	0.68856	0.52139	0.4161	0.57444	0.6139	0.51408	0.75628	0.88136	0.61921	1.10956	1.3106	0.83251	6.96441	6.97133	7.06894
s__Nitrososphaerales_archaeon_TH5896	5.16971	2.78839	3.13112	0.1316	0.26259	0.19223	0.47856	0.2794	0.3185	0.396	0.57216	0.45389	1.31374	1.56341	1.09953	1.96496	2.39602	0.95027	9.48353	6.99402	7.55292
s__GGB66002_SGB89409	4.24711	2.51354	3.08267	0.18248	0.45514	0.26664	0.81654	0.42677	0.38784	0.47005	0.61642	0.49874	0.66242	1.18802	0.58227	0.45838	0.85897	0.5106	5.22169	8.53404	7.69101
s__Hyphomicrobium_album	3.06099	2.83196	2.86472	0.16862	0.27112	0.24189	0.37356	0.35192	0.26398	0.27375	0.39822	0.34164	0.51599	0.68439	0.39222	0.60107	0.66143	0.38338	3.04614	2.87366	3.00729
s__Nocardioides_guangzhouensis	2.46296	2.66655	2.93784	0.19559	0.25747	0.26536	0.57533	0.72741	0.72311	0.62608	0.54889	0.73449	0.70432	0.70446	0.73228	0.93021	0.45782	0.63707	0.44722	0.2451	0.05784
s__Rhizobium_sp_S_51	2.026	0.0	0.0	0.02335	0.02808	0.04967	0.0	0.0	0.0	0.0	0.0	0.0	0.0	0.0	0.0	0.0	0.0	0.0	0.0	0.0	0.0
s__Bacillus_tepidiphilus	1.96356	1.53	2.3891	0.17019	0.10271	0.17859	0.15824	0.18325	0.21888	0.22679	0.2162	0.18628	0.25567	0.28604	0.19501	0.90706	0.35786	0.56491	2.34368	1.21596	1.68343
s__Pleurocapsales_cyanobacterium_LEGE_06147	1.69972	1.99642	1.51503	0.07341	0.10042	0.1265	0.11662	0.10657	0.12094	0.12801	0.1264	0.07431	0.05641	0.12158	0.04403	0.0438	0.0812	0.03097	0.99027	0.76177	0.67889
s__Rhodococcus_ruber	1.63273	3.42668	1.54594	0.16521	0.08139	0.24628	2.03228	6.94814	8.76017	4.95615	1.60553	9.6659	6.20673	1.89672	9.60171	6.40751	2.91573	9.49489	1.99606	2.33822	1.12974
s__GGB66002_SGB89410	1.5742	0.67148	1.29745	0.03445	0.10377	0.04398	0.16108	0.18277	0.10689	0.13959	0.20459	0.15628	0.13156	0.38637	0.20465	0.04559	0.30023	0.0764	2.02388	2.62068	2.42411
s__Candidatus_Nitrosotenuis_cloacae	1.5034	0.83316	0.87715	0.06312	0.31682	0.21977	1.39276	0.61516	0.48411	0.66004	1.47786	0.63137	0.94869	0.91759	0.26008	0.16362	0.35612	0.06304	3.44162	4.02243	3.62585
s__Nitrosomonas_sp_Nm132	1.18159	0.59743	0.40881	0.40039	0.59983	0.17269	1.03704	1.40925	1.32945	2.08074	0.89717	1.24812	4.45462	2.1914	2.83285	4.27595	2.49125	3.01788	0.7672	0.68353	1.17994
s__Microvirga_subterranea	0.97614	1.4926	1.02165	0.1174	0.22825	0.26103	0.28122	0.38377	0.37595	0.28643	0.22923	0.36289	0.23512	0.21086	0.21103	0.12533	0.26478	0.1241	0.07405	0.10204	0.17566
s__Lysobacter_tabacisoli	0.94501	1.07517	1.09752	0.04236	0.07266	0.15498	0.03104	0.00477	0.02403	0.0	0.0	0.0	0.0	0.0	0.0	0.0	0.0	0.0	0.0	0.0	0.0
s__Microvirga_massiliensis	0.82837	1.0588	1.05838	0.09412	0.16241	0.13607	0.31445	0.55522	0.6032	0.66016	0.40122	0.7628	0.70237	0.60569	0.56737	0.74702	0.97425	0.73346	0.91772	0.94987	0.79339
s__Sulfuricaulis_limicola	0.82423	1.3259	0.76768	0.00346	0.11917	0.00366	0.06402	0.0729	0.05994	0.04671	0.05372	0.08201	0.00696	0.10983	0.62487	0.04256	0.09979	0.04035	1.49501	1.54523	1.38587
s__Nitrosomonas_communis	0.78007	0.82148	0.72208	0.45423	0.68758	0.4742	1.51426	2.53893	2.13623	2.72958	1.05299	2.03128	5.68928	3.57227	3.43081	6.87201	3.47544	4.2096	2.45913	1.63839	2.07327
s__Metabacillus_indicus	0.64994	0.70542	0.53001	0.05514	0.04165	0.02844	0.0	0.00297	0.01157	0.0	0.00621	0.01554	0.0	0.12001	0.03703	0.00217	0.04844	0.03328	0.49395	0.17244	0.59463
s__Ectobacillus_funiculus	0.55198	0.69339	0.82523	0.0236	0.04364	0.03542	0.0	0.04608	0.01396	0.0141	0.03234	0.03917	0.08233	0.20712	0.03783	0.09542	0.13357	0.09212	0.16188	0.02814	0.74012
s__Knoellia_flava	0.5165	0.74624	0.45655	0.0	0.01597	0.0	0.0	0.00513	0.01088	0.0	0.0	0.0	0.0	0.0	0.0	0.0	0.0	0.0	0.0	0.0	0.0
s__Hyphomicrobiales_bacterium	0.50657	0.3873	0.22485	17.88845	34.26008	24.7848	27.99167	10.08302	9.93387	8.03939	30.98936	7.30439	11.87076	28.67342	7.20967	9.3784	26.95611	6.5605	0.0	0.0	0.0
s__Agromyces_mariniharenae	0.5039	0.6455	0.61706	0.25705	0.38047	0.30978	1.22621	0.87288	0.74556	1.10427	1.0021	0.79363	0.63618	1.39172	0.49645	1.01396	0.8706	0.29084	0.05248	0.0	0.0
s__Chitinimonas_taiwanensis	0.4817	1.39479	0.17147	0.0	0.0	0.0	0.0	0.0	0.0	0.0	0.0	0.0	0.0	0.0	0.0	0.0	0.0	0.0	0.0	0.0	0.0
s__Nocardioides_sediminis	0.47899	0.8527	0.71641	0.00459	0.0387	0.04195	0.04926	0.03338	0.05521	0.0105	0.04457	0.04798	0.0	0.03529	0.0167	0.0	0.01492	0.01512	0.0	0.0	0.0
s__Chroococcidiopsis_cubana	0.44273	0.55133	0.50371	0.01067	0.01384	0.02246	0.00485	0.01691	0.0	0.01089	0.01	0.0	0.0	0.0	0.0	0.0	0.0	0.0	0.05917	0.0	0.0
s__GGB33037_SGB24024	0.36482	0.45405	0.31166	0.0	0.01029	0.0051	0.0	0.0	0.00414	0.0	0.0	0.0	0.0	0.0	0.0	0.0	0.0	0.0	0.30756	0.02034	0.37624
s__Nitrospira_sp_SCGC_AG_212_E16	0.36384	0.15105	0.05519	0.0	0.0	0.0	0.0	0.0	0.0	0.0	0.0	0.0	0.0	0.0	0.0	0.0	0.0	0.0	0.0	0.0	0.19447
s__Thermolongibacillus_altinsuensis	0.3362	0.75849	2.57704	0.03624	0.05538	0.0735	0.13263	0.11318	0.08214	0.10042	0.06323	0.2568	0.09839	0.06243	0.05594	0.20731	0.30948	0.20073	1.18481	1.38088	0.81177
s__Bacillus_cereus	0.25678	1.64867	0.18665	0.0	0.0	0.0	0.0	0.0	0.0	0.0	0.0	0.0	0.0	0.0	0.0	0.0	0.0	0.0	0.3557	0.0	0.0
s__Methylocystis_hirsuta	0.24756	0.0	0.1691	0.0	0.14166	0.0	0.0	0.06745	0.0	0.0	0.0	0.0	0.0	0.0	0.0	0.0	0.0	0.0	0.0	0.0	0.0
s__Betaproteobacteria_bacterium_SCGC_AG_212_J23	0.17923	0.23451	0.12826	0.0	0.0	0.0	0.01869	0.04315	0.04218	0.04205	0.04699	0.02944	0.12404	0.12525	0.0801	0.09593	0.14374	0.1204	2.80763	2.75205	3.16431
s__Alkalihalobacillus_gibsonii	0.17812	0.34612	0.12798	0.00232	0.01498	0.0	0.03666	0.00556	0.0	0.0	0.01151	0.0	0.0	0.00546	0.00264	0.0	0.0	0.0	0.0	0.0	0.0
s__Sporosarcina_sp_HYO08	0.17746	0.24456	0.44472	0.00378	0.01205	0.02897	0.01318	0.03776	0.02027	0.0	0.00305	0.01975	0.0	0.03068	0.02653	0.05588	0.06077	0.04032	0.15812	0.09447	0.17541
s__Streptomyces_sp_NRRL_F_5122	0.17376	0.0	0.0	0.0	0.0	0.0	0.0	0.0	0.0	0.0	0.0	0.0	0.0	0.0	0.0	0.0	0.0	0.0	0.0	0.0	0.0
s__Ectobacillus_antri	0.15966	0.18372	0.11397	0.00175	0.00592	0.0166	0.0	0.01883	0.00987	0.0	0.00436	0.00668	0.0	0.01982	0.01478	0.00207	0.0	0.0	0.06306	0.0	0.08231
s__Rhodococcus_hoagii	0.15963	0.88817	0.34075	0.0	0.0	0.05026	0.0	0.0812	0.02507	0.0	0.0	0.0	0.0	0.0	0.10042	0.0	0.0	0.0	0.0	0.0	0.0
s__Mycobacterium_rufum	0.15259	0.63378	0.09272	0.00158	0.00225	0.02671	0.0	0.03783	0.04768	0.03333	0.03194	0.03897	0.0	0.0	0.03862	0.02214	0.0	0.0	0.0	0.0	0.0
s__Stanieria_sp_NIES_3757	0.11056	0.24032	0.28703	0.0	0.0	0.0	0.0	0.00337	0.0	0.0	0.0	0.0	0.0	0.0	0.0	0.0	0.0	0.0	0.0	0.0	0.0
s__Lysobacter_niastensis	0.10202	0.33994	0.12491	0.03469	0.04869	0.04006	0.01147	0.04189	0.04279	0.0	0.03745	0.04604	0.0	0.07709	0.0	0.0	0.02194	0.0	0.0	0.0	0.0
s__Gaiella_occulta	0.05085	0.06477	0.04338	0.00382	0.00268	0.0	0.0	0.00708	0.00651	0.0015	0.00315	0.00726	0.0	0.01178	0.0057	0.00225	0.00955	0.00434	0.0	0.0	0.0
s__GGB63067_SGB85311	0.05074	0.13278	0.0183	0.0	0.0	0.0	0.0	0.0	0.0	0.0	0.0	0.0	0.0	0.0	0.0	0.0	0.0	0.0	0.0	0.0	0.0
s__Zafaria_cholistanensis	0.04121	0.09933	0.12916	0.0	0.00789	0.00241	0.10216	0.15638	0.5756	0.09783	0.07685	0.48408	0.08125	0.07603	0.36117	0.06581	0.13239	0.21455	0.03501	0.0	0.0
s__Microvirga_zambiensis	0.03027	0.30067	0.22286	0.01153	0.0	0.01527	0.0	0.01678	0.01613	0.0	0.0	0.00572	0.0	0.00977	0.0	0.0	0.0	0.0	0.0	0.0	0.0
s__Cystobacter_fuscus	0.0	3.15224	0.88284	0.0	0.0	0.0	0.0	0.0	0.0	0.86975	0.04084	0.0	0.0	0.0	0.0	0.0	0.0	0.0	0.0	0.0	0.0
s__Lacibacter_luteus	0.0	0.42866	0.0	0.0	0.0	0.0	0.0	0.0	0.0	0.0	0.0	0.0	0.0	0.0	0.0	0.0	0.0	0.0	0.0	0.0	0.0
s__Microvirga_lupini	0.0	0.38949	0.0	0.0	0.0	0.0	0.0	0.00621	0.0	0.0	0.0	0.0	0.0	0.0	0.0	0.0	0.0	0.0	0.0	0.0	0.0
s__Acinetobacter_tandoii	0.0	0.23859	0.0	0.0	0.0	0.0	0.0	0.0	0.0	0.0	0.0	0.0	0.0	0.0	0.0	0.0	0.0	0.0	0.0	0.0	0.0
s__Agromyces_flavus	0.0	0.21454	0.21083	0.0	0.0	0.0	0.01464	0.08093	0.09403	0.03595	0.0	0.05016	0.03448	0.0	0.04291	0.03044	0.0	0.0	0.0	0.0	0.0
s__Lysobacter_sp_WF_2	0.0	0.15404	0.11027	1.90269	10.67011	0.86954	7.89045	27.26022	19.91122	37.49603	7.0064	21.78189	33.05121	11.73089	17.93364	30.27108	10.09785	16.23142	0.0	0.0	0.0
s__Ensifer_sesbaniae	0.0	0.13506	0.6273	8.33897	13.62861	10.26376	5.24465	2.55454	2.12172	1.91771	4.40237	2.19268	1.46402	3.82645	1.04336	1.67726	3.86779	1.25274	0.0	0.0	0.0
s__Rhodococcus_sp_Q	0.0	0.12366	0.01538	0.0	0.0	0.0	0.0	0.0	0.0	0.0	0.0	0.0	0.0	0.0	0.0	0.0	0.0	0.0	0.0	0.0	0.0
s__Methylocystis_sp_ATCC_49242	0.0	0.10491	0.0	0.0	0.0	0.0015	0.0	0.0	0.0	0.0	0.0	0.0	0.0	0.0	0.0	0.0	0.0	0.0	0.0	0.0	0.0
s__Phormidium_ambiguum	0.0	0.09145	0.14873	0.0	0.0	0.0	0.0	0.0	0.0	0.0	0.0	0.0	0.0	0.0	0.0	0.0	0.0	0.0	0.0	0.0	0.0
s__Tetrasphaera_sp_F2B08	0.0	0.0616	0.0	0.0	0.0	0.0	0.0	0.0	0.0	0.0	0.0	0.0	0.0	0.0	0.0	0.0	0.0	0.0	0.0	0.0	0.0
s__Rhodocyclaceae_bacterium	0.0	0.0534	0.0	0.00986	0.74885	0.00727	0.20969	0.01716	0.02249	0.0	0.13618	0.0	0.0	0.0	0.0	0.0	0.0	0.0	0.0	0.0	0.0
s__Pseudomonas_furukawaii	0.0	0.05073	0.0	0.0	0.0	0.0	0.02632	0.0	0.0	0.0	0.09233	0.0	0.0	0.08658	0.0	0.0	0.0	0.0	0.0	0.0	0.0
s__Actinomycetospora_succinea	0.0	0.04852	0.0	0.0	0.0	0.00077	0.0	0.0	0.0	0.0	0.0	0.0	0.0	0.0	0.0	0.0	0.0	0.0	0.0	0.0	0.0
s__Candidatus_Nitrospira_nitrificans	0.0	0.04683	0.05272	0.00461	0.01227	0.00132	0.03258	0.00967	0.01111	0.0	0.03009	0.00929	0.0	0.0626	0.00922	0.00536	0.07296	0.00692	0.0	0.0	0.0
s__Fictibacillus_aquaticus	0.0	0.04604	0.0	0.0	0.0	0.0	0.0	0.0	0.0	0.0	0.0	0.0	0.0	0.0	0.0	0.0	0.0	0.0	0.0	0.0	0.0
s__Rhodospirillaceae_bacterium_SYSU_D60009	0.0	0.03373	0.0	0.0	0.01117	0.00067	0.0228	0.0324	0.02058	0.015	0.02753	0.0123	0.14363	0.17838	0.07322	0.07356	0.19988	0.10245	0.04775	0.0	0.10809
s__Pseudarthrobacter_enclensis	0.0	0.03199	0.1455	0.0	0.0	0.0	0.0	0.0	0.0	0.0	0.0	0.0	0.0	0.0	0.0	0.0	0.0	0.0	0.0	0.0	0.0
s__Flavihumibacter_sp_ZG627	0.0	0.02881	0.0	0.01836	0.0	0.03023	0.0032	0.03892	0.09189	0.02316	0.0	0.05946	0.0	0.0	0.0	0.0	0.0	0.0	0.0	0.0	0.0
s__Candidatus_Manganitrophus_noduliformans	0.0	0.02587	0.0	0.0	0.0	0.0	0.0	0.0	0.0	0.0	0.0	0.0	0.0	0.0	0.0	0.0	0.0	0.0	0.0	0.0	0.0
s__Thioploca_ingrica	0.0	0.016	0.0	0.0	0.0	0.0	0.0	0.0	0.0	0.0	0.0	0.0	0.0	0.0	0.0	0.0	0.0	0.0	0.0	0.0	0.0
s__Calothrix_sp_NIES_4101	0.0	0.01532	0.01839	0.0	0.0	0.0	0.0	0.0	0.0	0.0	0.0	0.0	0.0	0.0	0.0	0.0	0.0	0.0	0.0	0.0	0.0
s__Nannocystis_exedens	0.0	0.01324	0.07339	0.0	0.0	0.0	0.10096	0.0	0.0	0.0	0.06161	0.0	0.0	0.18897	0.0	0.0	0.0658	0.0	0.0	0.0	0.0
s__Nocardioides_cavernae	0.0	0.01309	0.0	0.0	0.0	0.0	0.0	0.0	0.0	0.0	0.0	0.0	0.0	0.0	0.0	0.0	0.0	0.0	0.0	0.0	0.0
s__Candidatus_Nitrospira_nitrosa	0.0	0.01233	0.0	0.0	0.00096	0.0	0.0	0.0	0.0	0.0	0.0	0.0	0.0	0.0	0.0	0.0	0.0	0.0	0.0	0.0	0.0
s__Piscinibacter_defluvii	0.0	0.0	0.20757	0.0	0.0	0.0	0.0	0.0312	0.0	0.0	0.0	0.0	0.0	0.0	0.0	0.0	0.0	0.0	0.0	0.0	0.0
s__Mesorhizobium_sp_YM1C_6_2	0.0	0.0	0.04446	0.50993	1.70302	0.62775	3.71095	2.23204	1.45685	1.07883	3.02714	1.24949	0.62937	1.22646	0.70206	0.41364	0.91925	0.19412	0.0	0.0	0.0
s__Anoxybacillus_calidus	0.0	0.0	0.02189	0.00097	0.0	0.0	0.0	0.0	0.0	0.0	0.0	0.01525	0.0	0.0	0.0	0.0	0.0	0.03194	0.0	0.0	0.0
s__Bacillus_sp_FJAT_29937	0.0	0.0	0.01988	0.0	0.0	0.0	0.0	0.0	0.0	0.0	0.0	0.0	0.0	0.0	0.0	0.0	0.0	0.00196	0.04141	0.0	0.0
s__Enterobacter_roggenkampii	0.0	0.0	0.0	27.89213	1.71662	13.39474	0.0	0.0	0.0	0.0	0.0	0.0	0.0	0.0	0.0	0.0	0.0	0.0	0.0	0.0	0.0
s__Bosea_thiooxidans	0.0	0.0	0.0	7.59237	5.77599	6.31934	7.23277	3.45388	4.20871	2.84487	10.29559	3.61416	2.36763	7.50403	1.8308	1.97027	7.1171	1.98414	0.0	0.0	0.0
s__Lacrimispora_celerecrescens	0.0	0.0	0.0	3.81984	0.60117	7.55008	0.48761	5.73922	4.93265	5.42411	0.50863	4.62295	7.51537	1.04251	5.32586	8.9905	1.12032	5.18974	0.0	0.0	0.0
s__Clostridium_amylolyticum	0.0	0.0	0.0	3.52599	0.72261	2.98728	0.00412	0.34148	0.08829	0.49601	0.0	0.14592	0.30648	0.03282	0.62513	0.67132	0.0	0.27971	0.0	0.0	0.0
s__Enterobacter_asburiae	0.0	0.0	0.0	2.84598	0.4908	2.25878	0.0	0.0	0.0	0.0	0.0	0.0	0.0	0.0	0.0	0.0	0.0	0.0	0.0	0.0	0.0
s__Enterobacter_cloacae	0.0	0.0	0.0	2.81222	0.41205	1.21772	0.0	0.0	0.0	0.0	0.0	0.0	0.0	0.0	0.0	0.0	0.0	0.0	0.0	0.0	0.0
s__Cellulosimicrobium_cellulans	0.0	0.0	0.0	2.23229	2.11689	1.9563	1.10859	5.52627	2.58338	4.38226	1.82032	1.87232	0.20224	0.37462	0.23103	0.0	0.0	0.0	0.0	0.0	0.0
s__Klebsiella_variicola	0.0	0.0	0.0	1.96867	0.19265	3.86607	0.0	0.0	0.0	0.0	0.0	0.0	0.0	0.0	0.0	0.0	0.0	0.0	0.0	0.0	0.0
s__Enterobacter_mori	0.0	0.0	0.0	1.92073	0.56721	3.89513	0.0	0.0	0.0	0.0	0.0	0.169	0.0	0.0	0.0	0.0	0.0	0.0	0.0	0.0	0.0
s__Klebsiella_quasipneumoniae	0.0	0.0	0.0	1.3076	0.10143	0.0	0.0	0.0	0.0	0.0	0.0	0.0	0.0	0.0	0.0	0.0	0.0	0.0	0.0	0.0	0.0
s__Bosea_sp_AS_1	0.0	0.0	0.0	1.03107	1.49351	0.39603	0.66446	0.24889	0.0498	0.06947	1.08465	0.0	0.0	0.56571	0.0	0.0	0.18172	0.0	0.0	0.0	0.0
s__Streptomyces_chartreusis	0.0	0.0	0.0	0.99906	4.73879	2.00265	4.07536	1.41202	1.11533	0.98875	3.90157	1.0561	0.98197	5.03596	1.00543	1.69841	7.174	1.36702	0.0	0.0	0.0
s__Enterobacter_hormaechei	0.0	0.0	0.0	0.71803	0.0	0.07536	0.0	0.0	0.0	0.0	0.0	0.0	0.0	0.0	0.0	0.0	0.0	0.0	0.0	0.0	0.0
s__Enterobacter_bugandensis	0.0	0.0	0.0	0.57013	0.0	0.68541	0.0	0.0	0.0	0.0	0.0	0.0	0.0	0.0	0.0	0.0	0.0	0.0	0.0	0.0	0.0
s__Escherichia_coli	0.0	0.0	0.0	0.35582	0.0199	0.0	0.0	0.0	0.0	0.0	0.0	0.0	0.0	0.0	0.0	0.0	0.0	0.0	0.0	0.0	0.0
s__Clostridium_chromiireducens	0.0	0.0	0.0	0.33908	0.0	0.19459	0.0	0.07762	0.04758	0.10259	0.0	0.05604	0.03119	0.0	0.02508	0.15484	0.0	0.17012	0.0	0.0	0.0
s__Methylobacterium_aquaticum	0.0	0.0	0.0	0.32964	0.0	0.0	0.0	0.0	0.0	0.0	0.0	0.0	0.0	0.0	0.0	0.0	0.0	0.0	0.0	0.0	0.0
s__Clostridium_sp_YIM_B02565	0.0	0.0	0.0	0.32694	0.0	0.16213	0.0	0.29014	0.11452	0.12426	0.0	0.61011	0.23899	0.0	0.13936	0.32167	0.0	1.02153	0.0	0.0	0.0
s__Klebsiella_pneumoniae	0.0	0.0	0.0	0.32453	0.0	1.08651	0.0	0.0	0.0	0.0	0.0	0.0	0.0	0.0	0.0	0.0	0.0	0.0	0.0	0.0	0.0
s__Methylorubrum_zatmanii	0.0	0.0	0.0	0.32423	0.0	0.04315	0.0	0.0	0.0	0.0	0.0	0.0	0.0	0.0	0.0	0.0	0.0	0.0	0.0	0.0	0.0
s__Clostridium_sp_ASBs410	0.0	0.0	0.0	0.31743	0.0	1.46018	0.0	0.17576	0.29252	0.35901	0.0	0.29676	0.05641	0.0	0.62452	0.29104	0.0	0.19055	0.0	0.0	0.0
s__Sphingomonas_zeae	0.0	0.0	0.0	0.31553	0.0	0.58982	0.0	0.0	0.0	0.0	0.0	0.0	0.0	0.0	0.0	0.0	0.0	0.0	0.0	0.0	0.0
s__Pseudoxanthomonas_mexicana	0.0	0.0	0.0	0.31486	2.26663	0.19693	2.67906	1.00633	1.15025	0.5922	1.19608	0.39827	0.03981	0.13456	0.0	0.0	0.0	0.0	0.0	0.0	0.0
s__Clostridium_intestinale	0.0	0.0	0.0	0.28366	0.0	0.00907	0.02267	0.11169	0.25308	0.19064	0.0	0.19556	0.11649	0.0	0.06655	0.31176	0.0	0.0431	0.0	0.0	0.0
s__Pseudoxanthomonas_beigongshangi	0.0	0.0	0.0	0.27967	3.7907	0.11136	7.79794	1.94384	1.91243	1.2821	5.03116	1.47501	0.25065	2.45593	0.60542	0.00529	1.09016	0.01312	0.0	0.0	0.0
s__Dyadobacter_jiangsuensis	0.0	0.0	0.0	0.26831	0.47634	0.43645	0.0	0.0	0.0	0.0	0.0	0.0	0.0	0.0	0.0	0.0	0.0	0.0	0.0	0.0	0.0
s__Enterobacter_kobei	0.0	0.0	0.0	0.26738	0.0	0.0	0.0	0.0	0.0	0.0	0.0	0.0	0.0	0.0	0.0	0.0	0.0	0.0	0.0	0.0	0.0
s__Ensifer_adhaerens	0.0	0.0	0.0	0.23971	0.40191	0.26319	0.02606	0.0	0.0	0.0	0.0	0.0	0.0	0.0	0.0	0.0	0.0	0.0	0.0	0.0	0.0
s__Stenotrophomonas_maltophilia	0.0	0.0	0.0	0.21867	0.0	0.0	0.0	0.0	0.0	0.0	0.0	0.0	0.0	0.0	0.0	0.0	0.0	0.0	0.0	0.0	0.0
s__Enterobacter_soli	0.0	0.0	0.0	0.19723	0.0	0.34102	0.0	0.0	0.05107	0.0	0.0	0.0	0.0	0.0	0.0	0.0	0.0	0.0	0.0	0.0	0.0
s__Phytobacter_diazotrophicus	0.0	0.0	0.0	0.18943	0.0	0.07074	0.0	0.0	0.0	0.0	0.0	0.0	0.0	0.0	0.0	0.0	0.0	0.0	0.0	0.0	0.0
s__Macellibacteroides_fermentans	0.0	0.0	0.0	0.16232	0.0	0.42349	0.0	0.0	0.0	0.0	0.0	0.0	0.0	0.0	0.0	0.0	0.0	0.0	0.0	0.0	0.0
s__Citrobacter_freundii	0.0	0.0	0.0	0.15456	0.2844	0.0	0.0	0.0	0.0	0.0	0.0	0.0	0.0	0.0	0.0	0.0	0.0	0.0	0.0	0.0	0.0
s__Cupriavidus_oxalaticus	0.0	0.0	0.0	0.14121	0.18414	0.17794	0.19876	0.27323	0.19992	0.17925	0.13357	0.13852	0.0	0.30172	0.09664	0.01017	0.34893	0.13257	0.0	0.0	0.0
s__Hydrogenophaga_pseudoflava	0.0	0.0	0.0	0.11324	0.0	0.17585	0.0	0.0	0.16435	0.0	0.0	0.0	0.0	0.0	0.0	0.0	0.0	0.0	0.0	0.0	0.0
s__Streptomyces_hydrogenans	0.0	0.0	0.0	0.10917	0.2487	0.31347	0.21378	0.0	0.02226	0.0	0.29971	0.0	0.0	0.03559	0.0	0.0	0.0	0.0	0.0	0.0	0.0
s__Rhizobium_sp_BK060	0.0	0.0	0.0	0.10482	0.0718	0.19815	0.01942	0.2097	0.16564	0.18213	0.01953	0.10874	0.0264	0.07	0.03975	0.02402	0.0	0.0	0.0	0.0	0.0
s__bacterium_MS4	0.0	0.0	0.0	0.10183	0.0	0.5481	0.0	0.0	0.0	0.0	0.0	0.0	0.0	0.0	0.0	0.0	0.0	0.0	0.0	0.0	0.0
s__Bosea_sp_F3_2	0.0	0.0	0.0	0.09696	0.0384	0.05264	0.0	0.0	0.0	0.0	0.0	0.0	0.0	0.0	0.0	0.0	0.0	0.0	0.0	0.0	0.0
s__Shinella_sp_WSJ_2	0.0	0.0	0.0	0.09125	0.06032	0.12705	0.0	0.0	0.0	0.0	0.0	0.0	0.0	0.0	0.0	0.0	0.0	0.0	0.0	0.0	0.0
s__GGB23756_SGB35463	0.0	0.0	0.0	0.0879	0.0	0.13835	0.0	0.0	0.0	0.0	0.0	0.0	0.0	0.0	0.0	0.0	0.0	0.0	0.0	0.0	0.0
s__Cellulosimicrobium_sp_BI34T	0.0	0.0	0.0	0.08772	0.02477	0.05163	0.0	0.018	0.03065	0.0	0.0	0.0	0.0	0.0	0.0	0.0	0.0	0.0	0.0	0.0	0.0
s__Chitinophaga_rhizosphaerae	0.0	0.0	0.0	0.07715	0.2054	0.06357	0.04898	0.01858	0.07203	0.0	0.0	0.01927	0.0	0.0	0.0	0.0	0.0	0.0	0.0	0.0	0.0
s__Hydrogenoanaerobacterium_saccharovorans	0.0	0.0	0.0	0.07648	0.0	0.39349	0.0	0.0	0.08177	0.0	0.0	0.26608	0.0	0.0	0.02312	0.0	0.0	0.0	0.0	0.0	0.0
s__Streptomyces_antibioticus	0.0	0.0	0.0	0.06112	0.03058	0.00951	0.0	0.168	0.11263	0.0	0.07888	0.02758	0.0	0.0	0.0	0.0	0.0	0.0	0.0	0.0	0.0
s__Clostridium_sartagoforme	0.0	0.0	0.0	0.05171	0.0	0.21562	0.0	0.19126	0.08238	0.2074	0.0	0.01006	0.2733	0.0	0.38587	0.27063	0.25374	0.14645	0.0	0.0	0.0
s__Phyllobacteriaceae_bacterium_SYSU_D60010	0.0	0.0	0.0	0.04954	0.17006	0.07065	0.24919	0.08439	0.0906	0.04232	0.21761	0.05234	0.01817	0.17555	0.03232	0.00808	0.14558	0.0	0.0	0.0	0.0
s__Streptomyces_nymphaeiformis	0.0	0.0	0.0	0.04782	0.02001	0.05986	0.0	0.0	0.0	0.0	0.0	0.0	0.0	0.0	0.0	0.0	0.0	0.0	0.0	0.0	0.0
s__Flavihumibacter_solisilvae	0.0	0.0	0.0	0.04643	0.063	0.03391	0.03842	0.01631	0.04946	0.00575	0.01334	0.02517	0.0	0.03282	0.0	0.00859	0.0	0.0	0.0	0.0	0.0
s__Kaistia_adipata	0.0	0.0	0.0	0.04317	0.0	0.02309	0.0	0.02543	0.0	0.0	0.0	0.0	0.0	0.0	0.0	0.0	0.0	0.0	0.0	0.0	0.0
s__Methanocella_arvoryzae	0.0	0.0	0.0	0.04146	0.0	0.0125	0.0	0.03269	0.01685	0.02314	0.0	0.00419	0.0	0.0	0.0	0.0	0.0	0.0	0.0	0.0	0.0
s__Ensifer_sp_ENS09	0.0	0.0	0.0	0.04057	0.07562	0.05557	0.0	0.0	0.0	0.0	0.0	0.0	0.0	0.0	0.0	0.0	0.0	0.0	0.0	0.0	0.0
s__Nitrobacter_vulgaris	0.0	0.0	0.0	0.03606	0.0913	0.06485	0.0	0.0	0.00656	0.0	0.0	0.0	0.0	0.0	0.0	0.0	0.0	0.0	0.0	0.0	0.0
s__Thermomonas_sp_XSG	0.0	0.0	0.0	0.03209	0.09431	0.0	0.0	0.24768	0.16109	0.11515	0.0	0.0	0.0	0.0	0.0	0.0	0.0	0.0	0.0	0.0	0.0
s__Pseudaminobacter_arsenicus	0.0	0.0	0.0	0.03028	0.12914	0.01879	0.1168	0.2636	0.08784	0.3052	0.13093	0.11012	0.30686	0.1441	0.07892	0.51149	0.09167	0.1288	0.0	0.0	0.0
s__Sinorhizobium_sp_BG8	0.0	0.0	0.0	0.02945	0.00356	0.00336	0.0	0.0	0.0	0.0	0.0	0.0	0.0	0.0	0.0	0.0	0.0	0.0	0.0	0.0	0.0
s__Thermomonas_fusca	0.0	0.0	0.0	0.02871	0.08824	0.0	0.0	0.34609	0.20291	0.15259	0.0	0.03214	0.0	0.0	0.0	0.0	0.0	0.0	0.0	0.0	0.0
s__Streptomyces_showdoensis	0.0	0.0	0.0	0.02866	0.03408	0.18706	0.02212	0.0	0.03798	0.0	0.02729	0.0	0.0	0.0	0.00968	0.0	0.0	0.0	0.0	0.0	0.0
s__Roseomonas_soli	0.0	0.0	0.0	0.02542	0.0	0.07914	0.00553	0.22385	0.09223	0.14158	0.017	0.09253	0.05148	0.15122	0.09183	0.02632	0.097	0.09056	0.0	0.0	0.0
s__Devosia_sp_Root105	0.0	0.0	0.0	0.02455	0.16169	0.04142	0.21509	0.01206	0.02401	0.0109	0.16783	0.02347	0.0	0.0	0.0	0.0	0.0	0.0	0.0	0.0	0.0
s__Streptomyces_griseoruber	0.0	0.0	0.0	0.02379	0.13148	0.15551	0.0724	0.08993	0.09105	0.08946	0.10605	0.04814	0.00395	0.09417	0.03142	0.0742	0.26991	0.04382	0.39747	0.24833	0.14135
s__Chitinophaga_rupis	0.0	0.0	0.0	0.02189	0.01007	0.0	0.0	0.0	0.0	0.0	0.0	0.0	0.0	0.0	0.0	0.0	0.0	0.0	0.0	0.0	0.0
s__Lysobacter_antibioticus	0.0	0.0	0.0	0.0192	0.0	0.0	0.0	0.0	0.0	0.0	0.0	0.0	0.0	0.0	0.0	0.0	0.0	0.0	0.0	0.0	0.0
s__Mycolicibacterium_mageritense	0.0	0.0	0.0	0.01756	0.0062	0.0	0.0	0.16636	0.00596	0.26092	0.04217	0.0	0.38355	0.08857	0.0	0.02729	0.09249	0.0	0.0	0.0	0.0
s__Shinella_sp_DD12	0.0	0.0	0.0	0.0167	0.01674	0.00854	0.0	0.0	0.0	0.0	0.0	0.0	0.0	0.0	0.0	0.0	0.0	0.0	0.0	0.0	0.0
s__Nocardia_huaxiensis	0.0	0.0	0.0	0.01604	0.0	0.0	0.0	0.0	0.0	0.0	0.0	0.0	0.0	0.0	0.0	0.0	0.0	0.0	0.0	0.0	0.0
s__Mesorhizobium_sp_L_8_10	0.0	0.0	0.0	0.01298	0.02325	0.01377	0.0	0.0	0.01053	0.0	0.00282	0.0	0.0	0.03802	0.0	0.0	0.03034	0.0	0.0	0.0	0.0
s__Sphingomonas_paucimobilis	0.0	0.0	0.0	0.01263	0.0	0.01474	0.0	0.0	0.0	0.0	0.0	0.0	0.0	0.0	0.0	0.0	0.0	0.0	0.0	0.0	0.0
s__Streptomyces_luteolifulvus	0.0	0.0	0.0	0.01153	0.12507	0.06629	4.31376	0.15968	0.1455	0.088	2.02614	0.10047	0.05501	1.589	0.03326	0.19863	1.80744	0.12948	0.0	0.0	0.0
s__Rhizobium_pusense	0.0	0.0	0.0	0.01126	0.0	0.0	0.0	0.0	0.0	0.0	0.0	0.0	0.0	0.0	0.0	0.0	0.0	0.0	0.0	0.0	0.0
s__Nocardia_asteroides	0.0	0.0	0.0	0.00905	0.0	0.0	0.04338	0.0	0.03308	0.0	0.00188	0.0	0.0	0.0	0.0	0.0	0.0	0.0	0.0	0.0	0.0
s__Niastella_vici	0.0	0.0	0.0	0.00886	0.0509	0.00726	0.0	0.0	0.0	0.0	0.0	0.0	0.0	0.0	0.0	0.0	0.0	0.0	0.0	0.0	0.0
s__Nocardia_higoensis	0.0	0.0	0.0	0.0078	0.0	0.0	0.0	0.0	0.0	0.0	0.0	0.0	0.0	0.0	0.0	0.0	0.0	0.0	0.0	0.0	0.0
s__Planctomyces_sp_SH_PL14	0.0	0.0	0.0	0.00632	0.10199	0.00455	0.5259	0.28367	0.13449	0.15683	0.59107	0.10688	0.0	0.0218	0.0	0.0	0.0	0.0	0.0	0.0	0.0
s__Aminobacter_aminovorans	0.0	0.0	0.0	0.00621	0.07685	0.00979	0.0	0.0	0.0	0.0	0.0	0.0	0.0	0.0	0.0	0.0	0.0	0.0	0.0	0.0	0.0
s__Bosea_sp_WAO	0.0	0.0	0.0	0.00536	0.0	0.0	0.0	0.0	0.0	0.0	0.0	0.0	0.0	0.0	0.0	0.0	0.0	0.0	0.0	0.0	0.0
s__Rhizobium_sp_ARZ01	0.0	0.0	0.0	0.00497	0.00891	0.00728	0.0	0.00099	0.00627	0.0	0.0	0.00864	0.0	0.0	0.0	0.0	0.0	0.0	0.0	0.0	0.0
s__Azospira_restricta	0.0	0.0	0.0	0.00449	0.03723	0.01231	0.00402	0.0	0.0	0.0	0.0	0.0	0.0	0.0	0.0	0.0	0.0	0.0	0.0	0.0	0.0
s__Candidatus_Amoebophilus_asiaticus	0.0	0.0	0.0	0.00447	0.0	0.0	0.0	0.14439	0.00548	0.04316	0.00956	0.0	0.0	0.0	0.0	0.02472	0.0	0.0	0.0	0.0	0.0
s__Acidovorax_ebreus	0.0	0.0	0.0	0.00397	0.0	0.00505	0.48062	0.28277	0.71144	0.18776	0.0	0.24099	0.0	0.0	0.0	0.0	0.0	0.0	0.0	0.0	0.0
s__Enterobacter_sp_RHBSTW_00175	0.0	0.0	0.0	0.00287	0.0	0.0	0.0	0.0	0.0	0.0	0.0	0.0	0.0	0.0	0.0	0.0	0.0	0.0	0.0	0.0	0.0
s__Lysobacter_soli	0.0	0.0	0.0	0.00282	0.1256	0.0	0.0	0.0	0.0	0.0	0.0	0.0	0.0	0.07632	0.0	0.0	0.0	0.0	0.0	0.0	0.0
s__Vineibacter_terrae	0.0	0.0	0.0	0.00276	0.03673	0.00627	0.05561	0.14354	0.10365	0.08506	0.18958	0.05073	0.14595	0.53383	0.05742	0.03015	0.54833	0.0	0.0	0.0	0.0
s__Lysobacter_daejeonensis	0.0	0.0	0.0	0.00208	0.00287	0.0	0.0	0.01203	0.02498	0.0	0.0	0.00924	0.0	0.0	0.0	0.0	0.0	0.0	0.0	0.0	0.0
s__Rhizobium_sp_R693	0.0	0.0	0.0	0.00132	0.0	0.0	0.0	0.0	0.0	0.0	0.0	0.0	0.0	0.0	0.0	0.0	0.0	0.0	0.0	0.0	0.0
s__Arcticibacter_tournemirensis	0.0	0.0	0.0	0.00044	0.0	0.0	0.0	0.0	0.0	0.0	0.0	0.0	0.0	0.0	0.0	0.0	0.0	0.0	0.0	0.0	0.0
s__Cupriavidus_sp_EM10	0.0	0.0	0.0	0.0	0.36569	0.0	0.0	0.0	0.0	0.0	0.0	0.0	0.0	0.0	0.0	0.0	0.0	0.0	0.0	0.0	0.0
s__Brucella_anthropi	0.0	0.0	0.0	0.0	0.25737	0.0	0.0	0.0	0.0	0.0	0.0	0.0	0.0	0.0	0.0	0.0	0.0	0.0	0.0	0.0	0.0
s__Ferrovibrio_terrae	0.0	0.0	0.0	0.0	0.14532	0.0	0.0	0.0	0.0	0.0	0.0	0.0	0.0	0.0	0.0	0.0	0.0	0.0	0.0	0.0	0.0
s__Amycolatopsis_dendrobii	0.0	0.0	0.0	0.0	0.13152	0.0	0.06664	0.7684	0.73277	0.47559	0.00411	0.03631	0.26186	0.09256	5.50934	0.0	0.0	0.0	0.0	0.0	0.0
s__Lentzea_aerocolonigenes	0.0	0.0	0.0	0.0	0.11233	0.18432	0.10188	0.1068	0.24032	0.06044	0.19275	0.16591	0.0	2.05088	0.04662	0.0	0.01423	0.0	0.0	0.0	0.0
s__Sphingomonas_koreensis	0.0	0.0	0.0	0.0	0.09982	0.0	0.03949	0.0	0.0	0.0	1.81655	0.0	0.0	0.0	0.0	0.0	0.0	0.0	0.0	0.0	0.0
s__Simplicispira_lacusdiani	0.0	0.0	0.0	0.0	0.08004	0.0	0.0	0.0	0.0	0.0	0.0	0.0	0.0	0.0	0.0	0.0	0.0	0.0	0.0	0.0	0.0
s__Leptonema_illini	0.0	0.0	0.0	0.0	0.07061	0.0	0.38487	0.09659	0.06952	0.03178	0.09422	0.0	0.0	0.0	0.0	0.0	0.0	0.0	0.0	0.0	0.0
s__Devosia_sp_A16	0.0	0.0	0.0	0.0	0.04983	0.00295	0.01642	0.0	0.0	0.0	0.0	0.0	0.0	0.0	0.0	0.0	0.0	0.0	0.0	0.0	0.0
s__Brucella_intermedia	0.0	0.0	0.0	0.0	0.04733	0.0	0.0	0.0	0.0	0.0	0.0	0.0	0.0	0.0	0.0	0.0	0.0	0.0	0.0	0.0	0.0
s__Pseudolabrys_sp_FHR47	0.0	0.0	0.0	0.0	0.04707	0.0	0.0	0.0	0.0	0.0	0.00174	0.0	0.0	0.0	0.0	0.0	0.0	0.0	0.0	0.0	0.0
s__Microbacterium_paraoxydans	0.0	0.0	0.0	0.0	0.03824	0.0	0.0	0.0	0.0	0.0	0.0	0.0	0.0	0.0	0.0	0.0	0.0	0.0	0.0	0.0	0.0
s__Betaproteobacteria_bacterium_SCN2	0.0	0.0	0.0	0.0	0.03264	0.0	0.0	0.0	0.0	0.0	0.0	0.0	0.0	0.0	0.0	0.0	0.0	0.0	0.0	0.0	0.0
s__Burkholderiaceae_bacterium_PBA	0.0	0.0	0.0	0.0	0.01788	0.0	0.0	0.00774	0.0	0.0	0.0	0.0	0.0	0.0	0.0	0.0	0.0	0.0	0.0	0.0	0.0
s__Streptomyces_neyagawaensis	0.0	0.0	0.0	0.0	0.01563	0.0	0.0	0.0	0.0	0.0	1.38511	0.0	0.0	0.0	0.0	0.0	0.0	0.0	0.0	0.0	0.0
s__Bradyrhizobium_guangdongense	0.0	0.0	0.0	0.0	0.01503	0.0	0.02506	0.0	0.0	0.0	0.0	0.0	0.0	0.26565	0.0	0.0	0.0	0.0	0.0	0.0	0.0
s__Pseudoxanthomonas_sp_CF385	0.0	0.0	0.0	0.0	0.01088	0.0	0.0	0.0	0.0	0.0	0.0	0.0	0.0	0.0	0.0	0.0	0.0	0.0	0.0	0.0	0.0
s__Mesorhizobium_plurifarium	0.0	0.0	0.0	0.0	0.0104	0.0	0.07417	0.09746	0.0	0.14737	0.20522	0.0	0.52433	0.0	0.0	0.0	0.0	0.0	0.0	0.0	0.0
s__Nitrobacter_sp_Nb_311A	0.0	0.0	0.0	0.0	0.0101	0.0	0.0	0.0	0.0	0.0	0.0	0.0	0.0	0.0	0.0	0.0	0.0	0.0	0.0	0.0	0.0
s__Nocardioides_luteus	0.0	0.0	0.0	0.0	0.00922	0.0	0.0	0.0	0.0	0.0	0.0	0.0	0.0	0.02848	0.0	0.0	0.0	0.0	0.0	0.0	0.0
s__Chitinophaga_chungangae	0.0	0.0	0.0	0.0	0.0063	0.0	0.48484	0.41431	0.18685	0.37585	0.53689	0.11917	0.08308	0.07634	0.0	0.0	0.0	0.0	0.0	0.0	0.0
s__Chitinophaga_fulva	0.0	0.0	0.0	0.0	0.00582	0.0	0.0	0.0	0.0	0.0	0.0	0.0	0.0	0.0	0.0	0.0	0.0	0.0	0.0	0.0	0.0
s__Hypericibacter_terrae	0.0	0.0	0.0	0.0	0.00356	0.0	0.0	0.01229	0.0	0.09783	0.02498	0.02698	0.0353	0.14309	0.0	0.0	0.04677	0.0	0.0	0.0	0.0
s__Mesorhizobium_sp_Root157	0.0	0.0	0.0	0.0	0.00317	0.0	0.0	0.0	0.0	0.0	0.0	0.0	0.0	0.0	0.0	0.0	0.0	0.0	0.0	0.0	0.0
s__Mesorhizobium_sp_Root552	0.0	0.0	0.0	0.0	0.00297	0.0	0.0	0.15245	0.0	0.1099	0.0	0.00158	0.0	0.0	0.0	0.0	0.0	0.0	0.0	0.0	0.0
s__Chitinophaga_deserti	0.0	0.0	0.0	0.0	0.00283	0.0	0.0	0.0	0.0	0.0	0.0	0.0	0.0	0.0	0.0	0.0	0.0	0.0	0.0	0.0	0.0
s__Solirubrobacter_soli	0.0	0.0	0.0	0.0	0.00188	0.0	0.0	0.0	0.00515	0.00205	0.0	0.0	0.0	0.00678	0.0	0.0	0.0	0.0	0.0	0.0	0.0
s__Miltoncostaea_marina	0.0	0.0	0.0	0.0	0.00163	0.0	0.0	0.0	0.00096	0.0	0.0	0.0	0.0	0.0	0.0	0.0	0.0	0.0	0.0	0.0	0.0
s__Dactylosporangium_sucinum	0.0	0.0	0.0	0.0	0.00158	0.0	0.0	0.0	0.0	0.0	0.0	0.0	0.0	0.10943	0.0	0.0	0.0423	0.0	0.0	0.0	0.0
s__Kosakonia_pseudosacchari	0.0	0.0	0.0	0.0	0.0	0.76862	0.0	0.0	0.0	0.0	0.0	0.0	0.0	0.0	0.0	0.0	0.0	0.0	0.0	0.0	0.0
s__Clostridium_beijerinckii	0.0	0.0	0.0	0.0	0.0	0.11334	0.0	0.0	0.0	0.0	0.0	0.0	0.0	0.0	0.0	0.0	0.0	0.0	0.0	0.0	0.0
s__Trabulsiella_odontotermitis	0.0	0.0	0.0	0.0	0.0	0.08872	0.0	0.0	0.0	0.0	0.0	0.0	0.0	0.0	0.0	0.0	0.0	0.0	0.0	0.0	0.0
s__Kosakonia_oryzendophytica	0.0	0.0	0.0	0.0	0.0	0.06559	0.0	0.0	0.0	0.0	0.0	0.0	0.0	0.0	0.0	0.0	0.0	0.0	0.0	0.0	0.0
s__Kosakonia_sacchari	0.0	0.0	0.0	0.0	0.0	0.05456	0.0	0.0	0.0	0.0	0.0	0.0	0.0	0.0	0.0	0.0	0.0	0.0	0.0	0.0	0.0
s__Cellvibrio_sp_pealriver	0.0	0.0	0.0	0.0	0.0	0.04465	0.0	0.0	0.0	0.0	0.0	0.0	0.0	0.0	0.0	0.0	0.0	0.0	0.0	0.0	0.0
s__Pusillimonas_sp_TS35	0.0	0.0	0.0	0.0	0.0	0.02261	0.0	0.55866	0.11426	0.22362	0.0	0.13555	0.1516	0.0	0.0952	0.20375	0.0	0.14705	0.0	0.0	0.0
s__Micromonospora_aurantiaca	0.0	0.0	0.0	0.0	0.0	0.0144	0.05684	0.20501	0.37332	0.0	0.0	0.15177	0.0	0.14041	0.27683	0.05967	0.07383	0.08579	0.0	0.0	0.0
s__Acetonema_longum	0.0	0.0	0.0	0.0	0.0	0.01351	0.0	0.03433	0.14546	0.0	0.0	0.0	0.0	0.0	0.0	0.0	0.0	0.0	0.0	0.0	0.0
s__Streptomyces_roseicoloratus	0.0	0.0	0.0	0.0	0.0	0.01326	0.0	0.0	0.0	0.0	0.0	0.0	0.0	0.0	0.0	0.0	0.0	0.0	0.0	0.0	0.0
s__Clostridium_butyricum	0.0	0.0	0.0	0.0	0.0	0.01111	0.0	0.0	0.0	0.0	0.0	0.0	0.0	0.0	0.02963	0.0	0.0	0.0	0.0	0.0	0.0
s__Peribacillus_asahii	0.0	0.0	0.0	0.0	0.0	0.0	2.00174	5.12763	18.26362	5.53054	2.12048	22.72092	6.7043	2.04304	25.1389	9.27073	5.76841	33.83132	0.0	0.0	0.0
s__Sphingopyxis_sp_H057	0.0	0.0	0.0	0.0	0.0	0.0	1.17869	0.12779	0.58872	1.23143	0.48971	0.60834	0.47726	0.19413	0.11677	0.15782	0.0	0.01878	0.0	0.0	0.0
s__Sandaracinus_amylolyticus	0.0	0.0	0.0	0.0	0.0	0.0	0.66103	0.06072	0.08466	0.13998	0.6338	0.11258	0.03691	0.65024	0.08353	0.10102	1.01353	0.23981	0.0	0.00987	0.0
s__Criblamydia_sequanensis	0.0	0.0	0.0	0.0	0.0	0.0	0.55992	0.01193	0.03944	0.0	0.58524	0.0	0.0	0.40696	0.02551	0.0	0.26858	0.0	0.0	0.0	0.0
s__Pseudoflavitalea_rhizosphaerae	0.0	0.0	0.0	0.0	0.0	0.0	0.47661	0.0359	0.09179	0.08967	0.37654	0.17064	0.01197	0.02909	0.0	0.0	0.13	0.0	0.0	0.0	0.0
s__Sphingopyxis_soli	0.0	0.0	0.0	0.0	0.0	0.0	0.26284	0.02459	0.22741	0.04568	0.09663	0.07811	0.0	0.0	0.0	0.0	0.0	0.0	0.0	0.0	0.0
s__Catellatospora_bangladeshensis	0.0	0.0	0.0	0.0	0.0	0.0	0.24293	0.05762	0.00352	0.02666	0.32816	0.0905	0.24876	0.3788	0.01076	0.3246	0.27458	0.02996	0.0	0.0	0.0
s__Achromobacter_mucicolens	0.0	0.0	0.0	0.0	0.0	0.0	0.08505	0.0	0.0	0.0	0.75839	0.0	0.0	0.0	0.0	0.0	0.0	0.0	0.0	0.0	0.0
s__Pseudomonas_stutzeri	0.0	0.0	0.0	0.0	0.0	0.0	0.02747	0.0	0.0	0.0	0.0	0.0	0.0	0.0	0.0	0.0	0.0	0.0	0.0	0.0	0.0
s__Microlunatus_parietis	0.0	0.0	0.0	0.0	0.0	0.0	0.02052	0.0	0.0	0.0	0.0	0.0	0.0	0.0	0.0	0.0	0.0	0.0	0.0	0.0	0.0
s__Vitreimonas_flagellata	0.0	0.0	0.0	0.0	0.0	0.0	0.01777	0.0	0.00094	0.0	0.05965	0.0	0.0	0.09894	0.0	0.0	0.019	0.0	0.0	0.0	0.0
s__Thauera_sp_2A1	0.0	0.0	0.0	0.0	0.0	0.0	0.01106	0.34497	0.28737	0.40866	0.00158	0.24438	0.13385	0.08235	0.03533	0.0	0.0	0.0	0.0	0.0	0.0
s__Pseudomonas_sp_A_1	0.0	0.0	0.0	0.0	0.0	0.0	0.00421	0.0	0.11954	0.0	0.0	0.02131	0.0	0.0	0.0	0.0	0.0	0.0	0.0	0.0	0.0
s__Chitinophaga_cymbidii	0.0	0.0	0.0	0.0	0.0	0.0	0.00142	2.00457	0.19789	0.63529	0.03139	0.00628	0.0	0.0	0.17423	0.0	0.0	0.0	0.0	0.0	0.0
s__Mesorhizobium_composti	0.0	0.0	0.0	0.0	0.0	0.0	0.0	1.34141	0.03771	1.17994	0.00787	0.00889	0.35848	0.0	0.0	0.18234	0.0	0.0	0.0	0.0	0.0
s__Microbacterium_sp_SYP_A9085	0.0	0.0	0.0	0.0	0.0	0.0	0.0	0.65859	0.45167	0.62969	0.0	0.43576	0.41331	0.0	0.18155	0.5065	0.0	0.07893	0.0	0.0	0.0
s__Chitinophaga_alhagiae	0.0	0.0	0.0	0.0	0.0	0.0	0.0	0.20919	0.17534	0.14575	0.0	0.0	0.0	0.0	0.0	0.0	0.0	0.0	0.0	0.0	0.0
s__Rhodococcus_aetherivorans	0.0	0.0	0.0	0.0	0.0	0.0	0.0	0.17812	0.35623	0.0	0.0	0.30996	0.06525	0.0	0.15435	0.06907	0.0	0.27619	0.0	0.0	0.0
s__Rhodanobacter_denitrificans	0.0	0.0	0.0	0.0	0.0	0.0	0.0	0.16207	0.03424	0.1225	0.0	0.01979	0.0	0.0	0.01486	0.0	0.0	0.0	0.0	0.0	0.0
s__Lysinibacillus_composti	0.0	0.0	0.0	0.0	0.0	0.0	0.0	0.10086	1.32406	0.04227	0.0	1.36246	0.16538	0.0	1.57459	0.19598	0.023	2.43298	0.0	0.0	0.0
s__Afipia_carboxidovorans	0.0	0.0	0.0	0.0	0.0	0.0	0.0	0.09494	0.0	0.07377	0.0	0.0	0.1652	0.0	0.0	0.06442	0.0	0.0	0.0	0.0	0.0
s__Micromonospora_chersina	0.0	0.0	0.0	0.0	0.0	0.0	0.0	0.08368	0.13128	0.21975	0.0532	0.38351	0.12141	0.0	0.38696	0.05272	0.0	0.20398	0.0	0.0	0.0
s__Aromatoleum_petrolei	0.0	0.0	0.0	0.0	0.0	0.0	0.0	0.08054	0.01684	0.02547	0.0	0.02108	0.10474	0.15222	0.03767	0.03486	0.11161	0.02558	0.0	0.0	0.0
s__Castellaniella_defragrans	0.0	0.0	0.0	0.0	0.0	0.0	0.0	0.07508	0.0	0.00457	0.0	0.0	0.0	0.0	0.0	0.0	0.0	0.0	0.0	0.0	0.0
s__Agriterribacter_humi	0.0	0.0	0.0	0.0	0.0	0.0	0.0	0.06736	0.00982	0.04745	0.0	0.02183	0.00982	0.0	0.0	0.02173	0.0	0.00141	0.0	0.0	0.0
s__Pseudonocardia_dioxanivorans	0.0	0.0	0.0	0.0	0.0	0.0	0.0	0.06355	0.14355	0.2462	0.0646	0.10412	0.01887	0.07329	0.05611	0.00955	0.02428	0.0	0.0	0.0	0.0
s__Amycolatopsis_benzoatilytica	0.0	0.0	0.0	0.0	0.0	0.0	0.0	0.03883	0.0	0.0	0.0	0.0	0.0	0.0	0.0	0.0	0.0	0.0	0.0	0.0	0.0
s__Rhodanobacter_sp_LX_99	0.0	0.0	0.0	0.0	0.0	0.0	0.0	0.03036	0.0	0.0	0.0	0.0	0.0	0.0	0.0	0.0	0.0	0.0	0.0	0.0	0.0
s__Planctomyces_sp_SH_PL62	0.0	0.0	0.0	0.0	0.0	0.0	0.0	0.01226	0.0071	0.02064	0.0	0.00466	0.0	0.0	0.0	0.0	0.0	0.0	0.0	0.0	0.0
s__Microbacterium_sp_YJN_G	0.0	0.0	0.0	0.0	0.0	0.0	0.0	0.00895	0.0	0.02405	0.0	0.0	0.0	0.0	0.0	0.0	0.0	0.0	0.0	0.0	0.0
s__Bacillus_sp_DNRA2	0.0	0.0	0.0	0.0	0.0	0.0	0.0	0.00723	0.28423	0.00657	0.0	0.23459	0.00673	0.0	0.30651	0.06573	0.0	0.57255	0.0	0.0	0.0
s__Sphingomonas_sediminicola	0.0	0.0	0.0	0.0	0.0	0.0	0.0	0.00676	0.0	0.00654	0.0	0.0	0.0	0.0	0.0	0.0	0.0	0.0	0.0	0.0	0.0
s__Mycoplana_dimorpha	0.0	0.0	0.0	0.0	0.0	0.0	0.0	0.00658	0.01077	0.0	0.0	0.00477	0.0	0.0	0.0	0.0	0.0	0.0	0.0	0.0	0.0
s__Paenarthrobacter_ureafaciens	0.0	0.0	0.0	0.0	0.0	0.0	0.0	0.00589	0.28155	0.0	0.0	0.09244	0.0	0.0	0.0	0.0	0.0	0.0	0.0	0.0	0.0
s__Agromyces_mediolanus	0.0	0.0	0.0	0.0	0.0	0.0	0.0	0.00341	0.0	0.0	0.0	0.0	0.0	0.0	0.0	0.0	0.0	0.0	0.0	0.0	0.0
s__Pedococcus_cremeus	0.0	0.0	0.0	0.0	0.0	0.0	0.0	0.00341	0.0	0.0	0.0	0.0	0.0	0.0	0.0	0.0	0.0	0.0	0.0	0.0	0.0
s__Anaeromyxobacter_sp_Fw109_5	0.0	0.0	0.0	0.0	0.0	0.0	0.0	0.00249	0.0	0.0	0.0	0.0	0.0	0.0	0.0	0.0	0.0	0.0	0.0	0.0	0.0
s__Acinetobacter_kookii	0.0	0.0	0.0	0.0	0.0	0.0	0.0	0.0	0.11553	0.0	0.0	0.0	0.0	0.0	0.0	0.0	0.0	0.0	0.0	0.0	0.0
s__Leptospira_bourretii	0.0	0.0	0.0	0.0	0.0	0.0	0.0	0.0	0.08239	0.0	0.0	0.0	0.0	0.0	0.0	0.0	0.0	0.0	0.0	0.0	0.0
s__Rhodococcus_sp_CX	0.0	0.0	0.0	0.0	0.0	0.0	0.0	0.0	0.05828	0.0	0.0	0.02007	0.0	0.0	0.0	0.0	0.0	0.02468	0.0	0.0	0.0
s__Lysinibacillus_sp_BW_2_10	0.0	0.0	0.0	0.0	0.0	0.0	0.0	0.0	0.05702	0.0	0.0	0.0563	0.0	0.0	0.05107	0.0	0.0	0.23338	0.0	0.0	0.0
s__Bacillus_marasmi	0.0	0.0	0.0	0.0	0.0	0.0	0.0	0.0	0.0451	0.0	0.0	0.0598	0.0	0.0	0.05236	0.0	0.0	0.16706	0.0	0.0	0.0
s__Nocardia_nova	0.0	0.0	0.0	0.0	0.0	0.0	0.0	0.0	0.03392	0.0	0.0	0.0	0.0	0.0	0.0	0.0	0.0	0.0	0.0	0.0	0.0
s__Pseudobacter_ginsenosidimutans	0.0	0.0	0.0	0.0	0.0	0.0	0.0	0.0	0.01689	0.0	0.00413	0.00283	0.0	0.0	0.0	0.0	0.0	0.0	0.0	0.0	0.0
s__Micromonospora_echinaurantiaca	0.0	0.0	0.0	0.0	0.0	0.0	0.0	0.0	0.00369	0.0	0.0	0.00247	0.0	0.0	0.0	0.0	0.0	0.0	0.0	0.0	0.0
s__Rhodococcus_phenolicus	0.0	0.0	0.0	0.0	0.0	0.0	0.0	0.0	0.00145	0.0	0.0	0.0	0.0	0.0	0.0	0.0	0.0	0.0	0.0	0.0	0.0
s__Amycolatopsis_nivea	0.0	0.0	0.0	0.0	0.0	0.0	0.0	0.0	0.0	0.12476	0.0	0.0	0.0	0.0	0.0	0.0	0.0	0.0	0.0	0.0	0.0
s__Ilumatobacter_sp_SYSU_D60003	0.0	0.0	0.0	0.0	0.0	0.0	0.0	0.0	0.0	0.03272	0.00586	0.02889	0.0	0.0	0.0	0.0	0.0	0.0	0.0	0.0	0.0
s__GGB44392_SGB61810	0.0	0.0	0.0	0.0	0.0	0.0	0.0	0.0	0.0	0.00309	0.01783	0.0	0.02314	0.01633	0.0	0.0	0.02935	0.0	0.0	0.0	0.0
s__Chitinophaga_niabensis	0.0	0.0	0.0	0.0	0.0	0.0	0.0	0.0	0.0	0.0	0.13704	0.0	0.0	0.0	0.0	0.0	0.0	0.0	0.0	0.0	0.0
s__Jiangella_mangrovi	0.0	0.0	0.0	0.0	0.0	0.0	0.0	0.0	0.0	0.0	0.08085	0.0	0.0	0.0	0.0	0.0	0.11049	0.0	0.0	0.0	0.0
s__Mycobacterium_sp_KBS0706	0.0	0.0	0.0	0.0	0.0	0.0	0.0	0.0	0.0	0.0	0.03137	0.0	0.0	0.07219	0.0	0.0	0.0	0.0	0.0	0.0	0.0
s__Candidatus_Nitrosocosmicus_hydrocola	0.0	0.0	0.0	0.0	0.0	0.0	0.0	0.0	0.0	0.0	0.01948	0.0	0.0	0.04126	0.0	0.0	0.01399	0.00485	0.0	0.0	0.0
s__Nitrospira_japonica	0.0	0.0	0.0	0.0	0.0	0.0	0.0	0.0	0.0	0.0	0.00888	0.0	0.02661	0.11834	0.02785	0.07543	0.09863	0.01053	0.0	0.0	0.0
s__Fulvivirgaceae_bacterium_PWU4	0.0	0.0	0.0	0.0	0.0	0.0	0.0	0.0	0.0	0.0	0.00758	0.0	0.0	0.00353	0.0	0.0	0.0	0.0	0.0	0.0	0.0
s__Actinocorallia_populi	0.0	0.0	0.0	0.0	0.0	0.0	0.0	0.0	0.0	0.0	0.0	0.00992	0.0	0.0	0.0	0.0	0.0	0.0	0.0	0.0	0.0
s__Rhodospirillaceae_bacterium_SYSU_D60015	0.0	0.0	0.0	0.0	0.0	0.0	0.0	0.0	0.0	0.0	0.0	0.0	0.02968	0.12261	0.04262	0.09986	0.21194	0.0249	0.0	0.0	0.0
s__Rhodospirillaceae_bacterium_SYSU_D60007	0.0	0.0	0.0	0.0	0.0	0.0	0.0	0.0	0.0	0.0	0.0	0.0	0.0047	0.0	0.0	0.03644	0.05462	0.0	0.0	0.0	0.0
s__Paenibacillus_sp_NEAU_GSW1	0.0	0.0	0.0	0.0	0.0	0.0	0.0	0.0	0.0	0.0	0.0	0.0	0.0	0.09477	0.0	0.0	0.0	0.0	0.0	0.0	0.0
s__GGB66915_SGB90577	0.0	0.0	0.0	0.0	0.0	0.0	0.0	0.0	0.0	0.0	0.0	0.0	0.0	0.06332	0.0	0.0	0.0	0.0	0.0	0.0	0.0
s__Pyxidicoccus_caerfyrddinensis	0.0	0.0	0.0	0.0	0.0	0.0	0.0	0.0	0.0	0.0	0.0	0.0	0.0	0.04758	0.0	0.0	0.0	0.0	0.0	0.0	0.0
s__Azospirillum_sp_TSO22_1	0.0	0.0	0.0	0.0	0.0	0.0	0.0	0.0	0.0	0.0	0.0	0.0	0.0	0.03171	0.0	0.0	0.0	0.0	0.0	0.0	0.0
s__Nitrosomonas_nitrosa	0.0	0.0	0.0	0.0	0.0	0.0	0.0	0.0	0.0	0.0	0.0	0.0	0.0	0.02627	0.00594	0.0	0.0	0.0	0.0	0.0	0.0
s__Candidatus_Nitrosocosmicus_oleophilus	0.0	0.0	0.0	0.0	0.0	0.0	0.0	0.0	0.0	0.0	0.0	0.0	0.0	0.02481	0.0	0.0	0.01181	0.0	0.0	0.0	0.0
s__Actinomadura_luteofluorescens	0.0	0.0	0.0	0.0	0.0	0.0	0.0	0.0	0.0	0.0	0.0	0.0	0.0	0.0243	0.0	0.0	0.0	0.0	0.0	0.0	0.0
s__Pseudomonas_sp_DB1	0.0	0.0	0.0	0.0	0.0	0.0	0.0	0.0	0.0	0.0	0.0	0.0	0.0	0.01784	0.0	0.0	0.06132	0.0	0.0	0.0	0.0
s__Opitutus_terrae	0.0	0.0	0.0	0.0	0.0	0.0	0.0	0.0	0.0	0.0	0.0	0.0	0.0	0.00632	0.0	0.0	0.0	0.0	0.0	0.0	0.0
s__Nocardia_bovistercoris	0.0	0.0	0.0	0.0	0.0	0.0	0.0	0.0	0.0	0.0	0.0	0.0	0.0	0.0	0.0	0.00825	0.0	0.0	0.0	0.0	0.0
s__Nonomuraea_angiospora	0.0	0.0	0.0	0.0	0.0	0.0	0.0	0.0	0.0	0.0	0.0	0.0	0.0	0.0	0.0	0.0	0.51348	0.0	0.0	0.0	0.0
s__Micromonospora_echinofusca	0.0	0.0	0.0	0.0	0.0	0.0	0.0	0.0	0.0	0.0	0.0	0.0	0.0	0.0	0.0	0.0	0.0	0.25654	0.0	0.0	0.0
s__Clostridiaceae_unclassified_SGB39316	0.0	0.0	0.0	0.0	0.0	0.0	0.0	0.0	0.0	0.0	0.0	0.0	0.0	0.0	0.0	0.0	0.0	0.12623	0.0	0.0	0.0
s__Clostridium_perfringens	0.0	0.0	0.0	0.0	0.0	0.0	0.0	0.0	0.0	0.0	0.0	0.0	0.0	0.0	0.0	0.0	0.0	0.08052	0.0	0.0	0.0
s__GGB64272_SGB86721	0.0	0.0	0.0	0.0	0.0	0.0	0.0	0.0	0.0	0.0	0.0	0.0	0.0	0.0	0.0	0.0	0.0	0.0	0.0	1.2563	0.0
s__Actinomadura_formosensis	0.0	0.0	0.0	0.0	0.0	0.0	0.0	0.0	0.0	0.0	0.0	0.0	0.0	0.0	0.0	0.0	0.0	0.0	0.0	0.04061	0.0
s__Hyalangium_minutum	0.0	0.0	0.0	0.0	0.0	0.0	0.0	0.0	0.0	0.0	0.0	0.0	0.0	0.0	0.0	0.0	0.0	0.0	0.0	0.0	0.28343
